10 人 [ 0.94950587  0.55691826  0.1236642   0.88171655  0.70572197  0.4312337
  0.1155981   0.51479691 -0.07850499 -0.54438633  0.10678455  0.10321618
 -0.97566336  0.13530879  0.75527805  0.89752209  0.42506543  0.43541279
  0.13132724  0.27905878  0.36774337  0.35054228 -0.66776937 -0.11226786
  1.19440615 -0.04395285 -0.02209079  0.27132365 -0.27247933 -0.36117673
  0.52856153  0.36631146  0.30294114 -0.54402477 -0.02116412  0.40106079
 -0.62367731  0.2897824  -0.78581083 -0.82567483  0.14850925  0.09557949
 -0.08549791  0.07164156  1.00296485  0.59661371 -0.91414738 -0.88354319
  0.18280436 -0.10004548  0.37731221  0.2301365   0.09289461  0.52759379
 -0.31417981 -0.32976112 -0.26297718 -1.04519486 -0.59792691  0.00467037
  0.61345911 -0.01839887  0.58065999 -1.14274287  0.29542983  0.16576804
 -1.43646443 -0.50043124 -0.36485621  0.14020552 -0.24527878  0.52757519
  0.29775384  0.37397572  0.76312816  0.01158423 -0.11407841 -0.18377745
  0.17186096  0.05730275  0.63839412 -0.13721959  0.38730535 -0.07744527
 -0.24010193  0.17676102 -0.60406744  0.18557516 -0.30618158 -0.2373966
 -0.75849038  0.52634972 -0.86211514  0.34198964 -0.52229291 -0.2339274
 -0.21955466 -0.40063798 -0.12155683 -0.11863305]
11 是 [ 0.57635427  0.26884529  0.56227988  0.29524064  0.15393107 -0.53978729
 -0.38744104 -1.20720387 -0.15395044  0.55355626  0.09585094  0.29932344
 -0.27994946  0.3157703   0.69137222  0.77862048  0.38764894 -0.01943729
  0.88693225  0.05136552 -0.07105844  0.05627076 -0.29205173 -0.28381673
  0.10844988  0.35160163  0.07533063  0.30951408  0.53502464 -0.77067882
  0.53446943 -0.24356794  0.68135452  0.43371832  0.30420765 -0.23927827
 -0.36025456 -0.04824543  0.13745622 -0.26195881 -0.24101007  0.34856531
 -0.31034011  0.11698905 -0.40332773  0.69997835  0.15546973 -0.78238857
 -0.05711268 -0.4205448   0.2924293   0.05474202  0.73391348  0.41871986
 -0.63794273  0.19127777  0.26927814 -0.83551025  0.16583312 -0.38838232
 -0.27350634 -0.05303999 -0.25155249  0.05398569  0.00785862  0.11147193
 -0.8573817  -0.05983708 -0.04961908 -0.55475914  0.80442184 -0.02243192
 -0.3671841  -0.0496469   0.3183634  -0.01882689 -0.07791917  0.01070395
  0.22294328  0.15470497 -0.32980907 -0.68919647  0.01230652  0.27883965
 -0.17170535  0.29341656 -0.54324681  0.40362522  0.17098895  0.26758942
 -0.67067391 -0.12986945 -0.35677218 -0.1694314  -0.04669939 -0.63941342
 -0.0113434  -0.19171812  0.16333519  0.00356549]
12 和 [ 0.5036571   0.06085149  0.5739907   0.3942343   0.34965962 -0.14194801
  0.40753838 -0.68487716 -0.42305031  0.54585439  0.00627607 -0.18060625
 -0.00137699  0.15345709  0.72485185 -0.01497766  0.3267957  -0.12153395
  0.20808546 -0.36461523  0.6686691   0.10099213  0.17240483  0.06224993
  0.72581148 -0.21203183  0.50483954  0.70763117  0.5778029  -0.33806938
  0.1229627  -0.16793486  1.10580528  0.44335055  0.38738245  0.41723016
 -0.40492064 -0.16201192 -0.04386947  0.271402   -0.59494406 -0.07043284
 -0.18324155 -0.39186394 -0.11748295  0.08842897 -0.59454477 -0.63413411
  0.00273899 -0.07726773  0.52066773  0.34316972  0.69546694  0.01263326
 -0.2414863  -0.01790652 -0.26736036 -0.45334604  0.20880571 -0.25504079
 -0.31699315 -0.25995487  0.25122824 -0.21886481  0.21314538 -0.22598365
 -0.30248898  0.52588165  0.24428192 -0.54963034 -0.17919655 -0.12497378
  0.77423215  0.11223286  0.17513733 -0.12575026 -0.35005751 -0.10885474
  0.06196157 -0.16631664  0.33643207  0.56031001 -0.33834428  0.44000578
 -0.07098914  0.21751441 -0.40790087  0.67857623  0.16762798 -0.18555008
 -0.32780534  0.36943448 -0.85264713  0.18475971 -0.32799774 -0.60371679
 -0.46805683 -0.51239049 -0.20088798  0.31048512]
13 有 [ 0.74856007  0.21620928  0.31777209  0.30878937  0.87298316 -0.48440477
  0.56755149 -0.07197373 -0.38616696 -0.01313666 -0.07152878 -0.01611827
 -0.56858689  0.72335154  0.65446359  0.21910244  0.31056264 -0.06710435
  1.39288175 -0.34068942 -0.15156838 -0.11643987 -0.49930269 -0.26282212
  0.22441038 -0.71716201 -0.25467023  0.1644524  -0.20309028 -1.03918386
  0.20514639 -0.03303263  0.47998315 -0.34141853 -0.28884104  0.2433911
 -0.14769602  0.2119977  -0.12097589 -0.30374777  0.300212   -0.01428797
 -0.20602439  0.07879545  0.06121441 -0.06624023 -0.71136135 -1.46751904
  0.39342931 -0.59294879  0.30212662 -0.01371258  0.48903796 -0.34307754
 -0.3842513   0.28093272  0.40967804 -0.43831876  0.52050197 -0.25386697
 -0.2208261  -0.76450479  0.541502   -0.33342358 -0.09062938 -0.48634881
 -0.46557313  0.63336921  0.0717987  -0.95632643  1.0188061   0.01103901
 -0.42742413 -0.23785308  0.03845545 -0.44337365  0.06584224 -0.21736167
  0.28974035  0.61150849 -0.25565344 -0.34174362  0.33944538 -0.51266521
 -0.47663498  0.3425681  -1.19756389  0.78830427 -0.35218099 -0.12076941
  0.48540503 -0.61193413 -0.30779248  0.31620014 -0.26480034 -0.85397667
  0.35329282 -0.22167505  0.49179    -0.23226158]
14 大 [ 0.24175957  0.14188039 -0.53326589  0.83504367  0.45364684 -0.46534061
  1.17250621 -0.48814753 -0.88823432 -0.193694   -0.65510798  0.10494464
 -0.53937     0.27993098 -0.44572002  0.6310696  -0.28525072  0.0020847
  0.27545345 -0.21275231 -0.16805398  0.40618429 -0.17272243 -0.29663384
 -0.04650014  0.1237157   0.08895827  0.71706945 -0.44178563 -0.88822401
  0.65965939  0.46866611  1.08209133  0.72064108 -0.32562074 -0.085074
 -0.11926065 -0.26428208  0.96648943 -0.64430726 -0.16810712  0.05116679
 -0.48240274 -0.63059825  0.59343296  0.69895232 -0.33509916 -1.1428715
  0.7292425  -0.01474625  0.31638271 -0.0516882   0.02094219  0.23182087
  0.1354108   0.64682674 -0.51406658 -0.48931146  0.45569605 -1.15360093
  0.10860059 -0.79962301  0.33001915  0.10220235 -0.61640215 -0.8149119
 -0.59374702 -0.14816467  0.08760838 -0.21037245  0.89301938  0.26502565
  0.2978135  -0.44208413  0.4874551  -0.58106291  0.11716358  0.3226952
  0.72000241 -1.19069958 -0.53167993  0.44441769  0.00505464 -0.21257862
 -0.18267471  0.72178334 -0.07391308 -0.52760619  0.56679839 -0.01122479
  0.22962309 -0.28468814 -1.04273009 -0.76001096  0.01761185 -0.85462373
 -0.28122044 -0.04433207  0.22257769 -0.04576904]
15 １ [ -1.34018511e-01  -3.46572131e-01   4.84601110e-01   4.36291844e-01
   2.63643205e-01  -2.24649176e-01  -1.09972090e-01   5.19633114e-01
  -7.42865086e-01   2.41849303e-01  -1.61911756e-01   5.62468112e-01
  -1.85310557e-01   4.85210627e-01  -1.13604009e-01  -8.96988437e-02
   1.13315105e+00   6.68766916e-01   7.24227011e-01  -4.71018881e-01
   2.73973197e-01  -4.82385159e-02   1.99115992e-01  -1.15135956e+00
  -5.24221659e-01   1.40484169e-01   4.14800011e-02  -4.57717925e-02
   5.43284476e-01   4.30861294e-01   5.22646606e-01   7.00289384e-05
   8.15221906e-01  -4.95163351e-01   5.94562411e-01   2.10028946e-01
  -4.29994762e-01   6.08166814e-01   1.83982048e-02  -9.40843448e-02
   2.86273479e-01  -1.14467546e-01   1.76530823e-01  -5.20415425e-01
   9.00810882e-02   4.68855083e-01  -1.80689842e-01  -7.51452446e-01
   1.57717541e-01  -1.67540506e-01   3.76327336e-01   3.49574476e-01
   2.00082436e-02  -3.69266383e-02   4.20329243e-01  -3.65619063e-01
  -3.36656958e-01  -1.80659652e-01   1.10364482e-01  -8.29911411e-01
  -8.71430524e-03   8.91353115e-02   1.87965315e-02  -4.54798847e-01
  -7.69319892e-01  -4.27781820e-01  -7.48265147e-01   3.42339426e-01
   3.23376358e-01   2.67521471e-01   6.86850190e-01   6.37179017e-01
   2.23759085e-01  -5.78043051e-02   4.20987993e-01   4.71087575e-01
   4.02979665e-02   6.32130086e-01   9.24467206e-01   1.30109102e-01
   1.38717726e-01  -7.37766922e-02   1.94113553e-01   4.39276606e-01
   2.64109403e-01  -3.03704023e-01  -1.35560915e-01   1.12555707e+00
   3.42735112e-01   4.58311811e-02  -2.34074131e-01  -2.86139369e-01
  -3.12620729e-01   4.96147841e-01  -1.57773331e-01  -1.19859350e+00
  -1.09302243e-02  -1.15863001e+00  -2.42628887e-01  -2.66069472e-01]
16 年 [  2.15178162e-01   1.03434765e+00  -2.33271211e-01   5.86503565e-01
   7.72548139e-01  -1.23256886e+00   1.47191629e-01  -2.10024025e-02
  -1.50050485e+00   3.44597012e-01  -5.24193980e-02   9.83298361e-01
   1.27629116e-01   9.67930734e-01   7.77372956e-01  -7.73522377e-01
  -2.96500504e-01  -5.52385688e-01   4.62096512e-01  -5.53474963e-01
  -9.40557793e-02  -1.98881790e-01   1.25466213e-01  -2.88911909e-01
   5.49586713e-01   2.65050411e-01   2.83288509e-01   4.36850697e-01
   2.34500933e-02  -4.21496540e-01   1.12766996e-01   2.47720047e-04
   7.44507909e-01  -4.66799527e-01   1.73125118e-01   2.84481317e-01
  -1.15067542e+00   2.87036955e-01   5.11424422e-01  -3.15359265e-01
   1.19105093e-01   2.87503839e-01   7.55211532e-01  -1.95205912e-01
   4.41244125e-01   7.78118730e-01  -8.08265686e-01  -1.11581767e+00
   5.27838290e-01  -3.15507084e-01   9.40464795e-01  -4.55271602e-01
   4.39499438e-01  -1.52727112e-01  -8.50131691e-01  -3.50828230e-01
   2.72088915e-01  -9.49663401e-01   2.28760615e-02  -6.05379939e-01
   6.52001381e-01   7.34432578e-01   1.98386148e-01   1.55836148e-02
  -6.36421680e-01  -1.08561620e-01  -8.31370234e-01  -4.46932137e-01
  -3.20906013e-01  -3.51134628e-01  -1.17809430e-01  -2.57226378e-01
  -5.26781380e-01   4.74222422e-01   5.75015903e-01   5.02419353e-01
   5.18450439e-01  -2.42134780e-01   1.13523856e-01   5.98875284e-01
   7.08598420e-02  -3.37787598e-01  -2.15929568e-01  -2.36439288e-01
  -2.71793514e-01  -2.06146508e-01   3.46799970e-01   6.59255266e-01
   1.41264498e-01  -6.46949232e-01  -6.10180199e-01  -4.67463166e-01
   1.36070818e-01  -2.42662840e-02  -7.27278471e-01   7.94389397e-02
  -2.00099379e-01  -2.69353949e-02  -1.04952306e-02  -1.58952326e-01]
17 不 [  4.19535786e-02   8.49455953e-01   1.20201623e+00   4.58743304e-01
   6.82867527e-01  -5.02123654e-01   4.05151993e-01  -3.41296405e-01
  -4.10498112e-01   5.20551920e-01  -5.85786939e-01   5.40803850e-01
  -3.68115604e-01  -3.17601681e-01  -1.04690820e-01   7.63668656e-01
   1.05580375e-01   3.31988990e-01   8.78050923e-01   4.93558884e-01
  -3.06453586e-01   1.09298225e-03   1.98650450e-01  -4.80177492e-01
  -5.91815650e-01  -4.49355394e-02  -5.89622140e-01   4.95067865e-01
   1.15729666e+00  -2.87316024e-01   6.29985407e-02  -3.13056082e-01
   4.98108298e-01   7.28392154e-02  -5.49301028e-01   2.42725611e-01
  -4.43993151e-01  -7.33408332e-02   1.90957040e-01  -7.62803137e-01
   1.29295856e-01   2.17559889e-01  -6.71602070e-01  -3.46756488e-01
  -6.76722169e-01   6.51249111e-01  -7.74650574e-01  -9.06918883e-01
   1.87682778e-01  -2.76300132e-01  -3.64754587e-01   2.76107967e-01
  -3.04590553e-01   5.83450913e-01   2.99385190e-01  -2.22488157e-02
   2.11511016e-01   3.50880235e-01  -1.27563357e-01  -1.62628055e-01
   5.21848977e-01  -4.44805890e-01   8.89933765e-01  -2.02679873e-01
  -5.10829329e-01  -3.10344458e-01  -9.42363739e-01   3.35447162e-01
  -8.58705878e-01  -1.55426577e-01  -1.36544276e-03  -5.95252633e-01
  -5.57405353e-02  -4.32774611e-02   3.62358764e-02   3.71156484e-01
   5.77572361e-02  -4.25956279e-01  -7.64880031e-02   1.37135640e-01
   4.63487625e-01   6.29367590e-01   2.92032242e-01  -2.09154934e-01
   9.92070697e-03  -4.91870105e-01  -1.08178325e-01   9.71953750e-01
   5.42711079e-01   2.23586187e-01   7.66189918e-02  -4.58836168e-01
  -6.59450650e-01   3.65812153e-01  -2.53580660e-01  -1.70838311e-01
   1.38530120e-01   1.56342402e-01   2.88034916e-01  -5.83443463e-01]
18 为 [ 0.20725235 -0.02591434  0.32389134  0.27403182  0.50440383 -0.45499232
 -0.5936287  -0.75247347  0.34520701 -0.152117   -0.72288406  0.5127542
 -0.37810877 -0.13005809  0.55322534 -0.14199898  0.33130378 -0.06882479
  0.29420069 -0.06290317  0.19465728 -0.09685279  0.12503609 -0.93862617
  0.41224107 -0.33336431 -0.61985272  0.62350541  0.23902728 -0.71802765
  0.41621906 -0.10467596  0.60675466  0.32918659  0.51780009  0.5953173
  0.23082578 -0.27475348 -0.13788089 -0.5879786   0.13221622  0.14882541
  0.13272992 -0.18886049 -0.37870747  0.89550138 -0.28459406 -1.09954929
  0.72119087 -0.60498494  0.62692159  0.15163834  0.23408733 -0.40517819
 -0.71887553  0.78703332  0.55583417  0.15541498 -0.45823279 -0.18879105
 -0.82671762  0.73498809  0.32221761  0.02731292 -0.14295909 -0.45397329
 -1.06509817  0.30794841  0.44918144 -0.39648291  0.31746742 -0.17586562
  1.21327889 -0.2135938   0.54212761 -0.15537505  0.13269435  0.13037804
  0.69339007  0.22992849 -0.1479598   0.08469211  0.50040334 -0.48069683
 -0.86643624 -0.2824617   0.11112347  0.54014874  0.17374644  0.00765461
 -0.06219339 -0.33397377 -0.69846535 -0.10765588  0.45168588 -1.20402825
 -0.56279689 -0.96831524 -0.51856482 -0.31448105]
19 ０ [ 0.161695    0.22174381  0.41182119  0.21317872  0.65353769 -0.36833537
  0.3931064  -0.09516782 -0.90332919  0.40822917 -0.32234493  0.58838654
 -0.51788855  0.98994434  0.61344022  0.24601223  0.09346673  0.78925818
  0.20622671 -0.28902298  0.09699813  0.0785469  -0.24654078 -0.60319996
  0.06735253  0.44076237  0.50364739  1.29053926  0.54148239  0.22183089
  0.93872017  0.69229972  1.32178628  0.1731641   0.68824607  0.267055
 -0.83495456 -0.56402248 -0.51230091 -0.51966536  0.40241727  0.22724862
  0.24279569 -0.36490223 -0.12901641  0.83141589  0.09933437 -0.69197416
 -0.16199026 -0.27662709  0.70472825  0.52387792  0.42190465  0.18754685
 -0.10342947 -0.53395671 -0.23563693  0.33554542 -0.06753927 -0.35945782
  0.25165653 -0.54064929  0.25429529 -0.35860351 -0.02475215 -0.44718957
 -0.3280074  -0.8933754   0.33052769 -0.16764051  0.19050518  0.7553978
  0.81693405 -0.49929583  0.05888223  0.09383364  0.44049078  0.08152425
  0.82005507  0.81774628  0.00550974  0.41093323  0.11514716 -0.37464094
 -0.10828298 -0.17469391 -0.81928581  1.04838371  0.15504375 -1.42721486
  0.03964106  0.02181318  0.05674438  0.23171259 -0.59602094 -0.45352325
  0.0988773  -0.22169285 -0.09759071  0.13997124]
